48597
48598
48599
48600
48602
48603
48606
48607
48608
48610
48611
48612
48614
48615
48616
48722
48723
48724
48727
48739
48740
48742
48744
48745
48748
48755
48758
48760
48764
48770
48771
48772
48773
48776
48777
48783
48784
48785
48786
48795
48804
48806
48808
48810
48813
48816
48818
48819
48823
48825
48827
48828
48838
48856
48857
48860
48862
48864
48868
48872
48895
48896
48902
48903
48906
48913
48917
48918
48920
48921
48922
48923
48924
48925
48930
48934
48936
48937
48974
48982
48992
49014
49015
49023
49024
49031
49033
49034
49037
49038
49039
49046
49047
49050
49051
49052
49059
49062
49063
49064
49065
49066
49067
49070
49077
49080
49081
49082
49083
49088
49103
49108
49121
49142
49143
49147
49148
49150
49151
49153
49154
49156
49157
49158
49163
49164
49165
49168
49175
49176
49177
49178
49179
49181
49188
49189
49191
49205
49210
49216
49223
49227
49229
49230
49232
49233
49235
49239
49249
49250
49251
49256
49258
49259
49261
49265
49267
49268
49272
49276
49277
49278
49279
49281
49282
49286
49287
49291
49296
49313
49318
49321
49325
49326
49327
49328
49338
